thetaleft,thetaright,contactpointleft,contactpointright,volume,framenumber
14.671320204159192,14.483266127936872,130.54991496598643,1058.7142006802721,19473123.83417706,0.0
14.276968858945647,14.331578436877209,130.52762755102037,1058.5863038548753,19456880.291067574,1.0
14.101997439933108,14.260055837198195,130.59574829931967,1058.340446428571,19395109.2458338,2.0
14.334326937488608,14.150488867745025,131.67940476190472,1057.2003571428565,19135581.45591393,3.0
13.8320973490853,13.410527030271197,132.2887329931973,1055.5601870748299,18800303.665321335,4.0
13.865910161739336,12.665309073909555,132.92208333333326,1052.7806547619043,18488122.49394474,5.0
13.855089859016928,12.762900781114752,133.66333333333327,1049.875952380952,18227197.73173187,6.0
13.81190487771424,13.059812453196571,137.87878401360538,1045.6339583333327,17825518.25795905,7.0
13.883361475131407,12.582607876886385,140.82116071428567,1043.7647959183669,17545645.800959796,8.0
13.797102351210404,12.793822087624875,143.66352040816315,1041.2992857142856,17278544.837043483,9.0
13.609776427696557,12.508397472227898,145.88829931972782,1038.4369642857143,16995051.37565612,10.0
13.629173118202111,12.720033353546,148.55107142857133,1036.1638690476184,16778349.55322131,11.0
13.967235381450285,12.960284661698665,151.92048469387757,1032.894702380952,16506917.735435082,12.0
13.595114118049167,12.693586343620808,153.7296428571428,1029.0730102040811,16236394.378630275,13.0
13.105330033335425,12.886958669906136,156.00491496598633,1026.4329166666666,15964640.967047824,14.0
13.252331754362965,13.1060855944516,159.50379251700681,1023.0250170068022,15694401.396007314,15.0
12.66137506711252,12.725998624815475,160.1332312925169,1020.194107142857,15451112.335066773,16.0
12.820533501207096,12.95619371006174,163.1194387755102,1016.3174999999998,15191379.79103717,17.0
12.052115649440859,13.050472905063117,164.27020408163247,1013.4524234693877,14965745.945877146,18.0
12.205011181107313,13.452347214332775,166.3144557823129,1010.0790476190471,14747303.19019239,19.0
13.53113432812458,12.984333822762977,173.11684523809512,1006.4886309523807,14420757.21966955,20.0
13.586248151606407,12.99800050582482,176.59334183673454,1002.7552891156456,14141849.855527425,21.0
13.783288049520188,13.154353875485526,181.12387188208612,999.0269132653058,13836182.14188139,22.0
13.429086257701991,13.470941343754816,184.35700255102037,994.8834863945581,13549461.32521012,23.0
13.715107775673822,13.634033659446203,188.5156887755101,990.3498979591835,13248196.457356675,24.0
13.711794794300769,13.4851638023965,192.42669217687066,986.620714285714,12954729.864841431,25.0
13.789275521117103,13.289780527084076,196.06363945578232,983.2264880952381,12670564.840709478,26.0
13.762889245243008,13.47425908086774,198.5299829931972,979.2016496598634,12431177.045952568,27.0
13.86259040841988,13.377102778323774,201.8449815759637,975.8177380952374,12175611.281688428,28.0
13.615025993725276,13.466560094599231,205.41460884353748,971.766607142857,11899728.668180248,29.0
13.64127634664016,13.235009577088618,209.5046088435373,967.4565476190478,11578448.504137557,30.0
13.514408281862439,13.17012763377997,213.59071428571409,964.6285586734693,11277514.76404667,31.0
13.81307336952781,13.570483525830753,218.2580952380953,959.8387414965986,10977177.697723025,32.0
13.73932797458775,14.016244434157272,222.0448469387756,955.5021173469385,10702828.65471933,33.0
13.71219792855055,13.516396085578492,225.16471088435372,951.900476190476,10448650.246885912,34.0
13.930409149461768,13.249154138618934,229.46726190476178,947.9569642857142,10176100.493670398,35.0
14.110222202903172,13.193499889005125,233.0397108843537,943.1230867346936,9888926.352531996,36.0
13.960669418215671,13.205583716672464,237.44014880952392,939.3341411564625,9591063.061957635,37.0
13.393034347389962,13.652856213763187,241.818176020408,934.7866326530611,9284788.369326126,38.0
13.701202464539584,13.375856240046772,247.6690901360544,930.8281462585031,8993014.361927958,39.0
13.555518816985325,13.857119093261218,251.5139243197278,924.6486904761899,8707334.486804048,40.0
13.724987895387642,13.358598017383883,255.88016156462575,920.7643452380953,8433226.541626735,41.0
13.690412942100478,13.202078123393989,260.316910430839,917.4832568027213,8175224.932336123,42.0
13.917182350561927,13.659903068773843,265.2638775510204,912.0374489795915,7890890.678069798,43.0
13.857526004151207,13.733862131003605,270.5479931972787,906.6707823129252,7573267.500267851,44.0
13.709571057688025,13.460540593183026,275.05255102040803,902.5976615646256,7295076.4315855745,45.0
13.67578547388217,13.489273457712727,280.67802295918364,897.1803571428571,6997039.216186758,46.0
14.076338108464576,13.130740860002504,287.2257780612244,893.1194642857142,6711243.458144334,47.0
14.266756882820502,13.623530191005955,293.11662981859405,886.7737074829932,6420661.449869768,48.0
13.892815457554983,13.82257361612588,299.05746031746025,880.8863412183055,6122589.426190429,49.0
13.863524884778903,13.964087337303965,305.5807568027208,874.5067687074826,5810297.022197518,50.0
14.330327021261938,13.318458813373809,312.3787216553287,870.2460926870747,5516659.679969032,51.0
14.533052767840621,13.661198598426637,318.7040136054421,864.1594642857141,5223404.306797789,52.0
14.107130527102681,13.812025985885072,324.59594503710576,857.0455403525043,4923833.154562264,53.0
13.716282598404415,13.374361887409947,330.19939342403626,851.5149433106575,4646257.715711929,54.0
13.813677651457,13.567531539210847,337.25254998969274,843.6197930839002,4330911.042616959,55.0
14.077981898651913,13.958468695795148,344.2608985260771,835.4230577458254,4027845.0360569106,56.0
14.167749989677278,14.196080870021007,353.3659183673469,826.8123582766437,3694338.9568733494,57.0
14.317578314760151,13.76028435709378,362.57968692022257,818.4504039115645,3368339.3127070786,58.0
14.97923561667206,13.741006174878862,372.3183768810553,808.7846258503399,3043224.280456899,59.0
16.86568706365916,13.736631613271896,383.5960822510821,798.2964073129251,2720462.7655414604,60.0
16.628925759551453,14.124720277456987,392.9952542001648,786.2263229528405,2393590.0789700816,61.0
14.44306194538459,13.889778745108885,401.93645722333207,775.1487653418008,2073486.0254874425,62.0
14.272850813872534,14.5243963550854,414.5553934260182,760.4792690048045,1737316.2002795166,63.0
14.97103777962602,15.033744158005675,430.0246827128285,745.6892494573586,1411860.7395131371,64.0
14.658804793394122,15.732453997516075,446.6841657546957,728.5095948965251,1078995.1249976505,65.0
